{
    "focal_length": 289.7056274847714,
    "frames": [
        {
            "camera_id": "00",
            "file_dir": "/home/hong/Desktop/git/mujoNeRF/nerf_data/img/00.png",
            "transform_matrix": [
                [
                    -0.014998312784712253,
                    -0.1710368849888143,
                    0.985150462917688,
                    2.07
                ],
                [
                    0.9998875189808162,
                    -0.0025655532748320997,
                    0.014777256943765305,
                    0.018
                ],
                [
                    -1.1102230246251565e-16,
                    0.9852612861113123,
                    0.17105612555615454,
                    0.282
                ],
                [
                    0.0,
                    0.0,
                    0.0,
                    1.0
                ]
            ]
        },
        {
            "camera_id": "01",
            "file_dir": "/home/hong/Desktop/git/mujoNeRF/nerf_data/img/01.png",
            "transform_matrix": [
                [
                    -0.2842085588026808,
                    -0.1640021953400656,
                    0.9446315551721434,
                    1.988382442929118
                ],
                [
                    0.9587624810678101,
                    -0.04861561491868527,
                    0.2800196901697718,
                    0.5758118274673006
                ],
                [
                    5.551115123125783e-17,
                    0.9852612861113121,
                    0.1710561255561546,
                    0.282
                ],
                [
                    0.0,
                    0.0,
                    0.0,
                    1.0
                ]
            ]
        },
        {
            "camera_id": "02",
            "file_dir": "/home/hong/Desktop/git/mujoNeRF/nerf_data/img/02.png",
            "transform_matrix": [
                [
                    -0.5323403561818978,
                    -0.1448042131230653,
                    0.8340536463812984,
                    1.7592956563105935
                ],
                [
                    0.8465304159805069,
                    -0.09106007880565858,
                    0.5244943439807307,
                    1.0909183258551842
                ],
                [
                    -5.551115123125783e-17,
                    0.9852612861113123,
                    0.17105612555615446,
                    0.282
                ],
                [
                    0.0,
                    0.0,
                    0.0,
                    1.0
                ]
            ]
        },
        {
            "camera_id": "03",
            "file_dir": "/home/hong/Desktop/git/mujoNeRF/nerf_data/img/03.png",
            "transform_matrix": [
                [
                    -0.7409909046381875,
                    -0.11486676485392383,
                    0.661617794179898,
                    1.3997299591056076
                ],
                [
                    0.6715150625588979,
                    -0.12675103321975822,
                    0.7300696517006053,
                    1.5251164026336523
                ],
                [
                    -5.551115123125783e-17,
                    0.9852612861113121,
                    0.17105612555615446,
                    0.282
                ],
                [
                    0.0,
                    0.0,
                    0.0,
                    1.0
                ]
            ]
        },
        {
            "camera_id": "04",
            "file_dir": "/home/hong/Desktop/git/mujoNeRF/nerf_data/img/04.png",
            "transform_matrix": [
                [
                    -0.8946855475052933,
                    -0.0764101741160503,
                    0.44011277688418515,
                    0.9363526941722422
                ],
                [
                    0.446696508924296,
                    -0.15304144334734238,
                    0.8814990332002688,
                    1.8462035727720774
                ],
                [
                    -2.7755575615628914e-17,
                    0.9852612861113124,
                    0.17105612555615457,
                    0.282
                ],
                [
                    0.0,
                    0.0,
                    0.0,
                    1.0
                ]
            ]
        },
        {
            "camera_id": "05",
            "file_dir": "/home/hong/Desktop/git/mujoNeRF/nerf_data/img/05.png",
            "transform_matrix": [
                [
                    -0.9820254562279678,
                    -0.0322865903172766,
                    0.1859666083089559,
                    0.40353043344067047
                ],
                [
                    0.1887485187233327,
                    -0.16798146973987105,
                    0.9675516639972157,
                    2.0303662697373555
                ],
                [
                    -2.7755575615628914e-17,
                    0.9852612861113126,
                    0.17105612555615446,
                    0.282
                ],
                [
                    0.0,
                    0.0,
                    0.0,
                    1.0
                ]
            ]
        },
        {
            "camera_id": "06",
            "file_dir": "/home/hong/Desktop/git/mujoNeRF/nerf_data/img/06.png",
            "transform_matrix": [
                [
                    -0.9965330293297457,
                    0.014231542184006948,
                    -0.08197185286392443,
                    -0.15921983351029842
                ],
                [
                    -0.08319808564432264,
                    -0.1704630789858841,
                    0.9818454141298273,
                    2.0639459887838516
                ],
                [
                    0.0,
                    0.9852612861113123,
                    0.17105612555615457,
                    0.282
                ],
                [
                    0.0,
                    0.0,
                    0.0,
                    1.0
                ]
            ]
        },
        {
            "camera_id": "07",
            "file_dir": "/home/hong/Desktop/git/mujoNeRF/nerf_data/img/07.png",
            "transform_matrix": [
                [
                    -0.9371323064813999,
                    0.05969418630647605,
                    -0.343830836706162,
                    -0.71016149379208
                ],
                [
                    -0.3489742686056548,
                    -0.16030222148021106,
                    0.9233201815403245,
                    1.9444522757668805
                ],
                [
                    -2.7755575615628914e-17,
                    0.9852612861113124,
                    0.17105612555615451,
                    0.282
                ],
                [
                    0.0,
                    0.0,
                    0.0,
                    1.0
                ]
            ]
        },
        {
            "camera_id": "08",
            "file_dir": "/home/hong/Desktop/git/mujoNeRF/nerf_data/img/08.png",
            "transform_matrix": [
                [
                    -0.8082287675563664,
                    0.10072958571332519,
                    -0.5801894603113185,
                    -1.2084337248519628
                ],
                [
                    -0.5888686265155558,
                    -0.13825248154121794,
                    0.7963165149947463,
                    1.6807474327335474
                ],
                [
                    -5.551115123125783e-17,
                    0.9852612861113123,
                    0.17105612555615468,
                    0.282
                ],
                [
                    0.0,
                    0.0,
                    0.0,
                    1.0
                ]
            ]
        },
        {
            "camera_id": "09",
            "file_dir": "/home/hong/Desktop/git/mujoNeRF/nerf_data/img/09.png",
            "transform_matrix": [
                [
                    -0.619382598342263,
                    0.13429433255500933,
                    -0.7735180858353552,
                    -1.6170819547560176
                ],
                [
                    -0.7850892922915123,
                    -0.10594918750933136,
                    0.6102536954376643,
                    1.29238924152225
                ],
                [
                    -5.551115123125783e-17,
                    0.9852612861113126,
                    0.17105612555615457,
                    0.282
                ],
                [
                    0.0,
                    0.0,
                    0.0,
                    1.0
                ]
            ]
        },
        {
            "camera_id": "010",
            "file_dir": "/home/hong/Desktop/git/mujoNeRF/nerf_data/img/010.png",
            "transform_matrix": [
                [
                    -0.38459965529595996,
                    0.15789908310678064,
                    -0.9094784135427663,
                    -1.9057986137335194
                ],
                [
                    -0.923083476802737,
                    -0.06578812692515945,
                    0.37893115101486496,
                    0.8081804525546222
                ],
                [
                    5.551115123125783e-17,
                    0.9852612861113124,
                    0.1710561255561545,
                    0.282
                ],
                [
                    0.0,
                    0.0,
                    0.0,
                    1.0
                ]
            ]
        },
        {
            "camera_id": "011",
            "file_dir": "/home/hong/Desktop/git/mujoNeRF/nerf_data/img/011.png",
            "transform_matrix": [
                [
                    -0.12129271524270624,
                    0.16979318100476243,
                    -0.9779868879046059,
                    -2.053170907978937
                ],
                [
                    -0.9926167826654213,
                    -0.02074786192760336,
                    0.11950501661596197,
                    0.2640326166005766
                ],
                [
                    -1.1102230246251565e-16,
                    0.9852612861113126,
                    0.17105612555615457,
                    0.282
                ],
                [
                    0.0,
                    0.0,
                    0.0,
                    1.0
                ]
            ]
        },
        {
            "camera_id": "012",
            "file_dir": "/home/hong/Desktop/git/mujoNeRF/nerf_data/img/012.png",
            "transform_matrix": [
                [
                    0.15100995062284864,
                    0.16909449541973876,
                    -0.9739625487828723,
                    -2.048268908611472
                ],
                [
                    -0.9885322426774378,
                    0.025831177073970785,
                    -0.1487842581662736,
                    -0.29969731065788396
                ],
                [
                    5.551115123125783e-17,
                    0.9852612861113123,
                    0.17105612555615451,
                    0.282
                ],
                [
                    0.0,
                    0.0,
                    0.0,
                    1.0
                ]
            ]
        },
        {
            "camera_id": "013",
            "file_dir": "/home/hong/Desktop/git/mujoNeRF/nerf_data/img/013.png",
            "transform_matrix": [
                [
                    0.41211289927526307,
                    0.15585484466527716,
                    -0.8977038630000983,
                    -1.8914561744990555
                ],
                [
                    -0.9111327884841687,
                    0.07049443584174031,
                    -0.40603888516300735,
                    -0.8412000594088174
                ],
                [
                    0.0,
                    0.9852612861113123,
                    0.17105612555615457,
                    0.282
                ],
                [
                    0.0,
                    0.0,
                    0.0,
                    1.0
                ]
            ]
        },
        {
            "camera_id": "014",
            "file_dir": "/home/hong/Desktop/git/mujoNeRF/nerf_data/img/014.png",
            "transform_matrix": [
                [
                    0.642651319479498,
                    0.13105615307046375,
                    -0.7548665884205177,
                    -1.5943627887602798
                ],
                [
                    -0.7661587835241856,
                    0.10992944479371344,
                    -0.6331794655515021,
                    -1.3203148479876086
                ],
                [
                    0.0,
                    0.9852612861113123,
                    0.1710561255561546,
                    0.282
                ],
                [
                    0.0,
                    0.0,
                    0.0,
                    1.0
                ]
            ]
        },
        {
            "camera_id": "015",
            "file_dir": "/home/hong/Desktop/git/mujoNeRF/nerf_data/img/015.png",
            "transform_matrix": [
                [
                    0.8255272312521009,
                    0.09653762614442071,
                    -0.5560443122626471,
                    -1.179022808703587
                ],
                [
                    -0.5643622865334289,
                    0.14121148971908415,
                    -0.8133600215833557,
                    -1.7015079243296825
                ],
                [
                    5.551115123125783e-17,
                    0.9852612861113123,
                    0.17105612555615468,
                    0.282
                ],
                [
                    0.0,
                    0.0,
                    0.0,
                    1.0
                ]
            ]
        },
        {
            "camera_id": "016",
            "file_dir": "/home/hong/Desktop/git/mujoNeRF/nerf_data/img/016.png",
            "transform_matrix": [
                [
                    0.947177564818527,
                    0.0548593451174994,
                    -0.31598277319772405,
                    -0.676240100595803
                ],
                [
                    -0.3207096205361561,
                    0.16202052445157067,
                    -0.9332173856888826,
                    -1.9565079418050357
                ],
                [
                    0.0,
                    0.9852612861113121,
                    0.17105612555615457,
                    0.282
                ],
                [
                    0.0,
                    0.0,
                    0.0,
                    1.0
                ]
            ]
        },
        {
            "camera_id": "017",
            "file_dir": "/home/hong/Desktop/git/mujoNeRF/nerf_data/img/017.png",
            "transform_matrix": [
                [
                    0.9985800714513998,
                    0.009112397428017803,
                    -0.052486237369727504,
                    -0.12330375781943997
                ],
                [
                    -0.053271389132605936,
                    0.17081323808006438,
                    -0.9838622854833322,
                    -2.06640271566498
                ],
                [
                    3.469446951953614e-18,
                    0.9852612861113123,
                    0.17105612555615451,
                    0.282
                ],
                [
                    0.0,
                    0.0,
                    0.0,
                    1.0
                ]
            ]
        },
        {
            "camera_id": "018",
            "file_dir": "/home/hong/Desktop/git/mujoNeRF/nerf_data/img/018.png",
            "transform_matrix": [
                [
                    0.97592246238458,
                    -0.03731037509225543,
                    0.21490296257542263,
                    0.4387774605972327
                ],
                [
                    0.21811773750252017,
                    0.16693751525872808,
                    -0.96153862043395,
                    -2.023041853267461
                ],
                [
                    1.3877787807814457e-17,
                    0.9852612861113124,
                    0.1710561255561544,
                    0.282
                ],
                [
                    0.0,
                    0.0,
                    0.0,
                    1.0
                ]
            ]
        },
        {
            "camera_id": "019",
            "file_dir": "/home/hong/Desktop/git/mujoNeRF/nerf_data/img/019.png",
            "transform_matrix": [
                [
                    0.8808851488308891,
                    -0.0809660077755448,
                    0.46635379290199075,
                    0.9683165620347265
                ],
                [
                    0.47333006936933814,
                    0.1506808006189683,
                    -0.8679020346534765,
                    -1.8296412314137565
                ],
                [
                    5.551115123125783e-17,
                    0.9852612861113124,
                    0.17105612555615443,
                    0.282
                ],
                [
                    0.0,
                    0.0,
                    0.0,
                    1.0
                ]
            ]
        },
        {
            "camera_id": "020",
            "file_dir": "/home/hong/Desktop/git/mujoNeRF/nerf_data/img/020.png",
            "transform_matrix": [
                [
                    0.7205166135698247,
                    -0.11861676205696148,
                    0.6832172958356619,
                    1.426040053819619
                ],
                [
                    0.6934376753320173,
                    0.12324878031609517,
                    -0.7098971253503726,
                    -1.500544489477782
                ],
                [
                    0.0,
                    0.9852612861113123,
                    0.17105612555615451,
                    0.282
                ],
                [
                    0.0,
                    0.0,
                    0.0,
                    1.0
                ]
            ]
        },
        {
            "camera_id": "021",
            "file_dir": "/home/hong/Desktop/git/mujoNeRF/nerf_data/img/021.png",
            "transform_matrix": [
                [
                    0.506710657224466,
                    -0.14747025373219258,
                    0.8494096974483588,
                    1.778000678511869
                ],
                [
                    0.8621161811816025,
                    0.0866759618028298,
                    -0.4992423938232857,
                    -1.0601592272915106
                ],
                [
                    0.0,
                    0.9852612861113124,
                    0.17105612555615443,
                    0.282
                ],
                [
                    0.0,
                    0.0,
                    0.0,
                    1.0
                ]
            ]
        },
        {
            "camera_id": "022",
            "file_dir": "/home/hong/Desktop/git/mujoNeRF/nerf_data/img/022.png",
            "transform_matrix": [
                [
                    0.25532428947978314,
                    -0.16538655131962776,
                    0.9526052675921146,
                    1.9980951266907707
                ],
                [
                    0.9668554737920472,
                    0.04367478371878966,
                    -0.25156113782830813,
                    -0.54114680512278
                ],
                [
                    5.551115123125783e-17,
                    0.9852612861113123,
                    0.17105612555615454,
                    0.282
                ],
                [
                    0.0,
                    0.0,
                    0.0,
                    1.0
                ]
            ]
        },
        {
            "camera_id": "023",
            "file_dir": "/home/hong/Desktop/git/mujoNeRF/nerf_data/img/023.png",
            "transform_matrix": [
                [
                    -0.014998312784712142,
                    -0.1710368849888142,
                    0.9851504629176882,
                    2.07
                ],
                [
                    0.9998875189808163,
                    -0.0025655532748322107,
                    0.014777256943765193,
                    0.017999999999999492
                ],
                [
                    5.551115123125783e-17,
                    0.9852612861113124,
                    0.17105612555615443,
                    0.282
                ],
                [
                    0.0,
                    0.0,
                    0.0,
                    1.0
                ]
            ]
        },
        {
            "camera_id": "10",
            "file_dir": "/home/hong/Desktop/git/mujoNeRF/nerf_data/img/10.png",
            "transform_matrix": [
                [
                    -0.014710124410129366,
                    -0.3599654007805301,
                    0.9328496783945155,
                    1.9752100596261388
                ],
                [
                    0.9998875189808162,
                    -0.0025655532748320997,
                    0.014777256943765305,
                    0.018
                ],
                [
                    -0.002926025670868193,
                    0.9329621258000276,
                    0.35996265111323295,
                    0.6804184156470964
                ],
                [
                    0.0,
                    0.0,
                    0.0,
                    1.0
                ]
            ]
        },
        {
            "camera_id": "11",
            "file_dir": "/home/hong/Desktop/git/mujoNeRF/nerf_data/img/11.png",
            "transform_matrix": [
                [
                    -0.28393105723478235,
                    -0.34592472926887025,
                    0.8942702256129285,
                    1.89710757067646
                ],
                [
                    0.9588402333607577,
                    -0.09958791845877896,
                    0.2659091073764407,
                    0.5502378076162661
                ],
                [
                    -0.0029260256708680266,
                    0.9329621258000277,
                    0.3599626511132329,
                    0.6804184156470964
                ],
                [
                    0.0,
                    0.0,
                    0.0,
                    1.0
                ]
            ]
        },
        {
            "camera_id": "12",
            "file_dir": "/home/hong/Desktop/git/mujoNeRF/nerf_data/img/12.png",
            "transform_matrix": [
                [
                    -0.5320941224424895,
                    -0.30622840308767485,
                    0.7893668412116952,
                    1.678305291899362
                ],
                [
                    0.8466801540345271,
                    -0.18922430331505008,
                    0.49731969576822865,
                    1.0416669942121102
                ],
                [
                    -0.002926025670868193,
                    0.9329621258000276,
                    0.35996265111323283,
                    0.6804184156470964
                ],
                [
                    0.0,
                    0.0,
                    0.0,
                    1.0
                ]
            ]
        },
        {
            "camera_id": "13",
            "file_dir": "/home/hong/Desktop/git/mujoNeRF/nerf_data/img/13.png",
            "transform_matrix": [
                [
                    -0.7407942007572772,
                    -0.24382051715119435,
                    0.625919729310805,
                    1.3350307873579201
                ],
                [
                    0.6717256809875298,
                    -0.26482678723803155,
                    0.6918463574111103,
                    1.4558405051566559
                ],
                [
                    -0.0029260256708681376,
                    0.9329621258000277,
                    0.3599626511132328,
                    0.6804184156470964
                ],
                [
                    0.0,
                    0.0,
                    0.0,
                    1.0
                ]
            ]
        },
        {
            "camera_id": "14",
            "file_dir": "/home/hong/Desktop/git/mujoNeRF/nerf_data/img/14.png",
            "transform_matrix": [
                [
                    -0.8945529621098671,
                    -0.16332957886225646,
                    0.41605101447916293,
                    0.8927431566776082
                ],
                [
                    0.4469523871222036,
                    -0.32078827985350605,
                    0.8350619397112963,
                    1.7620409858608836
                ],
                [
                    -0.0029260256708681653,
                    0.9329621258000277,
                    0.3599626511132326,
                    0.6804184156470964
                ],
                [
                    0.0,
                    0.0,
                    0.0,
                    1.0
                ]
            ]
        },
        {
            "camera_id": "15",
            "file_dir": "/home/hong/Desktop/git/mujoNeRF/nerf_data/img/15.png",
            "transform_matrix": [
                [
                    -0.9819668225702667,
                    -0.07072523289221061,
                    0.17532569921034624,
                    0.3842448500947078
                ],
                [
                    0.18903067937514179,
                    -0.3529583732609783,
                    0.9163447980972752,
                    1.937558947444952
                ],
                [
                    -0.0029260256708681237,
                    0.9329621258000276,
                    0.3599626511132327,
                    0.6804184156470964
                ],
                [
                    0.0,
                    0.0,
                    0.0,
                    1.0
                ]
            ]
        },
        {
            "camera_id": "16",
            "file_dir": "/home/hong/Desktop/git/mujoNeRF/nerf_data/img/16.png",
            "transform_matrix": [
                [
                    -0.9965526959999309,
                    0.027124480055038945,
                    -0.07840272110719751,
                    -0.1527511392164929
                ],
                [
                    -0.0829105691033575,
                    -0.3589511588008003,
                    0.9296665548068943,
                    1.9693770256394172
                ],
                [
                    -0.0029260256708681445,
                    0.9329621258000276,
                    0.3599626511132329,
                    0.6804184156470964
                ],
                [
                    0.0,
                    0.0,
                    0.0,
                    1.0
                ]
            ]
        },
        {
            "camera_id": "17",
            "file_dir": "/home/hong/Desktop/git/mujoNeRF/nerf_data/img/17.png",
            "transform_matrix": [
                [
                    -0.9372288148925124,
                    0.12296249440284579,
                    -0.3263163702688036,
                    -0.6784182753219706
                ],
                [
                    -0.34870271996207636,
                    -0.3383221789846531,
                    0.8740391960879822,
                    1.8551354191426184
                ],
                [
                    -0.0029260256708681376,
                    0.9329621258000277,
                    0.3599626511132328,
                    0.6804184156470964
                ],
                [
                    0.0,
                    0.0,
                    0.0,
                    1.0
                ]
            ]
        },
        {
            "camera_id": "18",
            "file_dir": "/home/hong/Desktop/git/mujoNeRF/nerf_data/img/18.png",
            "transform_matrix": [
                [
                    -0.8083949601210505,
                    0.20968094305677554,
                    -0.5500286270456352,
                    -1.1537702315039156
                ],
                [
                    -0.5886331852900061,
                    -0.2926013908741972,
                    0.7535883486584879,
                    1.603306905287848
                ],
                [
                    -0.0029260256708680266,
                    0.9329621258000277,
                    0.3599626511132327,
                    0.6804184156470964
                ],
                [
                    0.0,
                    0.0,
                    0.0,
                    1.0
                ]
            ]
        },
        {
            "camera_id": "19",
            "file_dir": "/home/hong/Desktop/git/mujoNeRF/nerf_data/img/19.png",
            "transform_matrix": [
                [
                    -0.6196061493182764,
                    0.2808483153906715,
                    -0.7329477767680312,
                    -1.543552327762815
                ],
                [
                    -0.7849074200826178,
                    -0.22517969616489736,
                    0.5772473008462953,
                    1.232568452908921
                ],
                [
                    -0.0029260256708681376,
                    0.9329621258000276,
                    0.35996265111323283,
                    0.6804184156470964
                ],
                [
                    0.0,
                    0.0,
                    0.0,
                    1.0
                ]
            ]
        },
        {
            "camera_id": "110",
            "file_dir": "/home/hong/Desktop/git/mujoNeRF/nerf_data/img/110.png",
            "transform_matrix": [
                [
                    -0.38486398493009,
                    0.3311864529675935,
                    -0.8615075429005108,
                    -1.8188562091535863
                ],
                [
                    -0.9229686622402219,
                    -0.14105745351961185,
                    0.3580944614610196,
                    0.7704160370032158
                ],
                [
                    -0.0029260256708681376,
                    0.9329621258000276,
                    0.3599626511132327,
                    0.6804184156470964
                ],
                [
                    0.0,
                    0.0,
                    0.0,
                    1.0
                ]
            ]
        },
        {
            "camera_id": "111",
            "file_dir": "/home/hong/Desktop/git/mujoNeRF/nerf_data/img/111.png",
            "transform_matrix": [
                [
                    -0.1215782194152164,
                    0.3569620064051181,
                    -0.9261732357108243,
                    -1.959263846224931
                ],
                [
                    -0.9925775410201457,
                    -0.04647362484168854,
                    0.11238339404233644,
                    0.25112538805183493
                ],
                [
                    -0.0029260256708681376,
                    0.9329621258000276,
                    0.3599626511132329,
                    0.6804184156470964
                ],
                [
                    0.0,
                    0.0,
                    0.0,
                    1.0
                ]
            ]
        },
        {
            "camera_id": "112",
            "file_dir": "/home/hong/Desktop/git/mujoNeRF/nerf_data/img/112.png",
            "transform_matrix": [
                [
                    0.15072444645033833,
                    0.3562633208200943,
                    -0.9221488965890908,
                    -1.9543618468574662
                ],
                [
                    -0.9885714843227134,
                    0.05155693998805594,
                    -0.1416626355926484,
                    -0.2867900821091423
                ],
                [
                    -0.002926025670868082,
                    0.9329621258000276,
                    0.35996265111323256,
                    0.6804184156470964
                ],
                [
                    0.0,
                    0.0,
                    0.0,
                    1.0
                ]
            ]
        },
        {
            "camera_id": "113",
            "file_dir": "/home/hong/Desktop/git/mujoNeRF/nerf_data/img/113.png",
            "transform_matrix": [
                [
                    0.41184856964113326,
                    0.32914221452609005,
                    -0.8497329923578432,
                    -1.8045137699191223
                ],
                [
                    -0.9112476030466836,
                    0.14576376243619238,
                    -0.3852021956091621,
                    -0.8034356438574108
                ],
                [
                    -0.0029260256708682486,
                    0.9329621258000278,
                    0.35996265111323267,
                    0.6804184156470964
                ],
                [
                    0.0,
                    0.0,
                    0.0,
                    1.0
                ]
            ]
        },
        {
            "camera_id": "114",
            "file_dir": "/home/hong/Desktop/git/mujoNeRF/nerf_data/img/114.png",
            "transform_matrix": [
                [
                    0.642427768503484,
                    0.27761013590612577,
                    -0.714296279353194,
                    -1.5208331617670772
                ],
                [
                    -0.7663406557330801,
                    0.22915995344927914,
                    -0.6001730709601332,
                    -1.2604940593742795
                ],
                [
                    -0.0029260256708681376,
                    0.9329621258000276,
                    0.3599626511132326,
                    0.6804184156470964
                ],
                [
                    0.0,
                    0.0,
                    0.0,
                    1.0
                ]
            ]
        },
        {
            "camera_id": "115",
            "file_dir": "/home/hong/Desktop/git/mujoNeRF/nerf_data/img/115.png",
            "transform_matrix": [
                [
                    0.8253610386874167,
                    0.20548898348787106,
                    -0.5258834789969637,
                    -1.1243593153555398
                ],
                [
                    -0.5645977277589789,
                    0.2955603990520636,
                    -0.7706318552470972,
                    -1.624067396883983
                ],
                [
                    -0.002926025670868082,
                    0.9329621258000276,
                    0.35996265111323283,
                    0.6804184156470964
                ],
                [
                    0.0,
                    0.0,
                    0.0,
                    1.0
                ]
            ]
        },
        {
            "camera_id": "116",
            "file_dir": "/home/hong/Desktop/git/mujoNeRF/nerf_data/img/116.png",
            "transform_matrix": [
                [
                    0.9470810564074144,
                    0.11812765321386924,
                    -0.29846830676036573,
                    -0.6444968821256934
                ],
                [
                    -0.3209811691797345,
                    0.3400404819560126,
                    -0.8839364002365404,
                    -1.8671910851807736
                ],
                [
                    -0.0029260256708681653,
                    0.9329621258000276,
                    0.3599626511132327,
                    0.6804184156470964
                ],
                [
                    0.0,
                    0.0,
                    0.0,
                    1.0
                ]
            ]
        },
        {
            "camera_id": "117",
            "file_dir": "/home/hong/Desktop/git/mujoNeRF/nerf_data/img/117.png",
            "transform_matrix": [
                [
                    0.9985604047812147,
                    0.022005335299049897,
                    -0.04891710561300057,
                    -0.1168350635256344
                ],
                [
                    -0.05355890567357108,
                    0.3593013178949805,
                    -0.931683426160399,
                    -1.9718337525205454
                ],
                [
                    -0.002926025670868127,
                    0.9329621258000276,
                    0.3599626511132326,
                    0.6804184156470964
                ],
                [
                    0.0,
                    0.0,
                    0.0,
                    1.0
                ]
            ]
        },
        {
            "camera_id": "118",
            "file_dir": "/home/hong/Desktop/git/mujoNeRF/nerf_data/img/118.png",
            "transform_matrix": [
                [
                    0.9759810960422808,
                    -0.07574901766718942,
                    0.20426205347681303,
                    0.41949187725127013
                ],
                [
                    0.217835576850711,
                    0.35191441877983565,
                    -0.9103317545340097,
                    -1.9302345309750575
                ],
                [
                    -0.0029260256708681237,
                    0.9329621258000276,
                    0.359962651113233,
                    0.6804184156470964
                ],
                [
                    0.0,
                    0.0,
                    0.0,
                    1.0
                ]
            ]
        },
        {
            "camera_id": "119",
            "file_dir": "/home/hong/Desktop/git/mujoNeRF/nerf_data/img/119.png",
            "transform_matrix": [
                [
                    0.8810177342263154,
                    -0.16788541252175096,
                    0.44229203049696875,
                    0.9247070245400925
                ],
                [
                    0.4730741911714308,
                    0.31842763712513233,
                    -0.8214649411645041,
                    -1.7454786445025627
                ],
                [
                    -0.00292602567086811,
                    0.9329621258000278,
                    0.3599626511132328,
                    0.6804184156470964
                ],
                [
                    0.0,
                    0.0,
                    0.0,
                    1.0
                ]
            ]
        },
        {
            "camera_id": "120",
            "file_dir": "/home/hong/Desktop/git/mujoNeRF/nerf_data/img/120.png",
            "transform_matrix": [
                [
