{
    "focal_length": 289.7056274847714,
    "frames": [
        {
            "camera_id": "00",
            "file_dir": "/home/hong/Desktop/git/mujoNeRF/nerf_data/img/00.png",
            "transform_matrix": [
                [
                    -1.1102230246251565e-16,
                    1.0,
                    5.551115123125783e-17,
                    1.5
                ],
                [
                    -0.5913202866763443,
                    -1.1102230246251565e-16,
                    0.8064368038259453,
                    0.0
                ],
                [
                    0.8064368038259453,
                    5.551115123125783e-17,
                    0.5913202866763443,
                    1.5
                ],
                [
                    0.0,
                    0.0,
                    0.0,
                    1.0
                ]
            ]
        },
        {
            "camera_id": "01",
            "file_dir": "/home/hong/Desktop/git/mujoNeRF/nerf_data/img/01.png",
            "transform_matrix": [
                [
                    -0.2697967711570245,
                    0.9629172873477994,
                    1.1102230246251565e-16,
                    1.4443759310216988
                ],
                [
                    -0.5693925264001085,
                    -0.15953630406492392,
                    0.8064368038259453,
                    0.4046951567355364
                ],
                [
                    0.7765319395575087,
                    0.2175740458144308,
                    0.5913202866763444,
                    1.5
                ],
                [
                    0.0,
                    0.0,
                    0.0,
                    1.0
                ]
            ]
        },
        {
            "camera_id": "02",
            "file_dir": "/home/hong/Desktop/git/mujoNeRF/nerf_data/img/02.png",
            "transform_matrix": [
                [
                    -0.5195839500354337,
                    0.8544194045464886,
                    5.551115123125783e-17,
                    1.2816291068197327
                ],
                [
                    -0.5052355272382609,
                    -0.3072405302873801,
                    0.8064368038259452,
                    0.7793759250531503
                ],
                [
                    0.6890352537293374,
                    0.4190116199858346,
                    0.5913202866763444,
                    1.5
                ],
                [
                    0.0,
                    0.0,
                    0.0,
                    1.0
                ]
            ]
        },
        {
            "camera_id": "03",
            "file_dir": "/home/hong/Desktop/git/mujoNeRF/nerf_data/img/03.png",
            "transform_matrix": [
                [
                    -0.7308359642781243,
                    0.6825531432186541,
                    0.0,
                    1.0238297148279811
                ],
                [
                    -0.40360752031989444,
                    -0.432158131910323,
                    0.8064368038259452,
                    1.096253946417186
                ],
                [
                    0.550435975258604,
                    0.589373019153503,
                    0.5913202866763444,
                    1.5
                ],
                [
                    0.0,
                    0.0,
                    0.0,
                    1.0
                ]
            ]
        },
        {
            "camera_id": "04",
            "file_dir": "/home/hong/Desktop/git/mujoNeRF/nerf_data/img/04.png",
            "transform_matrix": [
                [
                    -0.8878852184023753,
                    0.46006503773115215,
                    2.7755575615628914e-17,
                    0.6900975565967283
                ],
                [
                    -0.2720457900009481,
                    -0.5250245418813811,
                    0.8064368038259452,
                    1.3318278276035629
                ],
                [
                    0.3710133785799732,
                    0.7160233176927128,
                    0.5913202866763444,
                    1.5
                ],
                [
                    0.0,
                    0.0,
                    0.0,
                    1.0
                ]
            ]
        },
        {
            "camera_id": "05",
            "file_dir": "/home/hong/Desktop/git/mujoNeRF/nerf_data/img/05.png",
            "transform_matrix": [
                [
                    -0.9790840876823229,
                    0.20345601305263397,
                    0.0,
                    0.30518401957895097
                ],
                [
                    -0.12030766796430956,
                    -0.5789522834085582,
                    0.8064368038259452,
                    1.468626131523484
                ],
                [
                    0.16407441688533592,
                    0.7895694423473739,
                    0.5913202866763444,
                    1.5
                ],
                [
                    0.0,
                    0.0,
                    0.0,
                    1.0
                ]
            ]
        },
        {
            "camera_id": "06",
            "file_dir": "/home/hong/Desktop/git/mujoNeRF/nerf_data/img/06.png",
            "transform_matrix": [
                [
                    -0.9976687691905393,
                    -0.06824241336467089,
                    6.938893903907228e-18,
                    -0.10236362004700632
                ],
                [
                    0.04035312343428278,
                    -0.5899417826057851,
                    0.8064368038259452,
                    1.4965031537858087
                ],
                [
                    -0.055033193719174166,
                    0.8045568135029831,
                    0.5913202866763442,
                    1.5
                ],
                [
                    0.0,
                    0.0,
                    0.0,
                    1.0
                ]
            ]
        },
        {
            "camera_id": "07",
            "file_dir": "/home/hong/Desktop/git/mujoNeRF/nerf_data/img/07.png",
            "transform_matrix": [
                [
                    -0.9422609221188205,
                    -0.33487961217098616,
                    -5.551115123125783e-17,
                    -0.5023194182564792
                ],
                [
                    0.19802110827101052,
                    -0.5571779985912176,
                    0.8064368038259451,
                    1.4133913831782308
                ],
                [
                    -0.27005924410564214,
                    0.7598738864035894,
                    0.5913202866763444,
                    1.5
                ],
                [
                    0.0,
                    0.0,
                    0.0,
                    1.0
                ]
            ]
        },
        {
            "camera_id": "08",
            "file_dir": "/home/hong/Desktop/git/mujoNeRF/nerf_data/img/08.png",
            "transform_matrix": [
                [
                    -0.8169698930104421,
                    -0.5766803221148671,
                    2.7755575615628914e-17,
                    -0.8650204831723006
                ],
                [
                    0.3410027733935698,
                    -0.4830908713408769,
                    0.8064368038259452,
                    1.2254548395156633
                ],
                [
                    -0.46505623579562994,
                    0.6588345893413653,
                    0.5913202866763443,
                    1.5
                ],
                [
                    0.0,
                    0.0,
                    0.0,
                    1.0
                ]
            ]
        },
        {
            "camera_id": "09",
            "file_dir": "/home/hong/Desktop/git/mujoNeRF/nerf_data/img/09.png",
            "transform_matrix": [
                [
                    -0.631087944326053,
                    -0.7757112907044197,
                    0.0,
                    -1.1635669360566294
                ],
                [
                    0.4586938227974146,
                    -0.37317510415686644,
                    0.8064368038259452,
                    0.9466319164890795
                ],
                [
                    -0.6255621339673708,
                    0.5089325447553882,
                    0.5913202866763444,
                    1.5
                ],
                [
                    0.0,
                    0.0,
                    0.0,
                    1.0
                ]
            ]
        },
        {
            "camera_id": "010",
            "file_dir": "/home/hong/Desktop/git/mujoNeRF/nerf_data/img/010.png",
            "transform_matrix": [
                [
                    -0.3984010898462417,
                    -0.9172113015054529,
                    1.1102230246251565e-16,
                    -1.3758169522581793
                ],
                [
                    0.5423656497489874,
                    -0.23558264666004758,
                    0.8064368038259452,
                    0.5976016347693627
                ],
                [
                    -0.7396729504190929,
                    0.32128530153637647,
                    0.5913202866763443,
                    1.5
                ],
                [
                    0.0,
                    0.0,
                    0.0,
                    1.0
                ]
            ]
        },
        {
            "camera_id": "011",
            "file_dir": "/home/hong/Desktop/git/mujoNeRF/nerf_data/img/011.png",
            "transform_matrix": [
                [
                    -0.13616664909624693,
                    -0.9906859460363309,
                    -5.551115123125783e-17,
                    -1.4860289190544962
                ],
                [
                    0.5858126976164284,
                    -0.08051810197935,
                    0.8064368038259453,
                    0.20424997364436998
                ],
                [
                    -0.7989256079168214,
                    0.10980979728486634,
                    0.5913202866763443,
                    1.5
                ],
                [
                    0.0,
                    0.0,
                    0.0,
                    1.0
                ]
            ]
        },
        {
            "camera_id": "012",
            "file_dir": "/home/hong/Desktop/git/mujoNeRF/nerf_data/img/012.png",
            "transform_matrix": [
                [
                    0.13616664909624626,
                    -0.9906859460363309,
                    0.0,
                    -1.4860289190544962
                ],
                [
                    0.5858126976164284,
                    0.08051810197934944,
                    0.8064368038259453,
                    -0.2042499736443696
                ],
                [
                    -0.7989256079168214,
                    -0.1098097972848659,
                    0.5913202866763443,
                    1.5
                ],
                [
                    0.0,
                    0.0,
                    0.0,
                    1.0
                ]
            ]
        },
        {
            "camera_id": "013",
            "file_dir": "/home/hong/Desktop/git/mujoNeRF/nerf_data/img/013.png",
            "transform_matrix": [
                [
                    0.39840108984624095,
                    -0.9172113015054533,
                    -1.1102230246251565e-16,
                    -1.3758169522581798
                ],
                [
                    0.5423656497489875,
                    0.23558264666004708,
                    0.8064368038259453,
                    -0.5976016347693618
                ],
                [
                    -0.7396729504190931,
                    -0.3212853015363759,
                    0.5913202866763443,
                    1.5
                ],
                [
                    0.0,
                    0.0,
                    0.0,
                    1.0
                ]
            ]
        },
        {
            "camera_id": "014",
            "file_dir": "/home/hong/Desktop/git/mujoNeRF/nerf_data/img/014.png",
            "transform_matrix": [
                [
                    0.6310879443260529,
                    -0.7757112907044199,
                    -5.551115123125783e-17,
                    -1.1635669360566296
                ],
                [
                    0.4586938227974146,
                    0.37317510415686633,
                    0.8064368038259454,
                    -0.9466319164890791
                ],
                [
                    -0.6255621339673711,
                    -0.5089325447553882,
                    0.5913202866763444,
                    1.5
                ],
                [
                    0.0,
                    0.0,
                    0.0,
                    1.0
                ]
            ]
        },
        {
            "camera_id": "015",
            "file_dir": "/home/hong/Desktop/git/mujoNeRF/nerf_data/img/015.png",
            "transform_matrix": [
                [
                    0.8169698930104419,
                    -0.5766803221148672,
                    0.0,
                    -0.8650204831723007
                ],
                [
                    0.34100277339356994,
                    0.483090871340877,
                    0.8064368038259451,
                    -1.225454839515663
                ],
                [
                    -0.46505623579563,
                    -0.6588345893413652,
                    0.5913202866763445,
                    1.5
                ],
                [
                    0.0,
                    0.0,
                    0.0,
                    1.0
                ]
            ]
        },
        {
            "camera_id": "016",
            "file_dir": "/home/hong/Desktop/git/mujoNeRF/nerf_data/img/016.png",
            "transform_matrix": [
                [
                    0.9422609221188205,
                    -0.3348796121709864,
                    2.7755575615628914e-17,
                    -0.5023194182564796
                ],
                [
                    0.19802110827101072,
                    0.5571779985912175,
                    0.8064368038259452,
                    -1.4133913831782305
                ],
                [
                    -0.2700592441056423,
                    -0.7598738864035893,
                    0.5913202866763445,
                    1.5
                ],
                [
                    0.0,
                    0.0,
                    0.0,
                    1.0
                ]
            ]
        },
        {
            "camera_id": "017",
            "file_dir": "/home/hong/Desktop/git/mujoNeRF/nerf_data/img/017.png",
            "transform_matrix": [
                [
                    0.9976687691905392,
                    -0.06824241336467135,
                    0.0,
                    -0.10236362004700703
                ],
                [
                    0.040353123434283045,
                    0.589941782605785,
                    0.8064368038259453,
                    -1.4965031537858087
                ],
                [
                    -0.055033193719174534,
                    -0.804556813502983,
                    0.5913202866763442,
                    1.5
                ],
                [
                    0.0,
                    0.0,
                    0.0,
                    1.0
                ]
            ]
        },
        {
            "camera_id": "018",
            "file_dir": "/home/hong/Desktop/git/mujoNeRF/nerf_data/img/018.png",
            "transform_matrix": [
                [
                    0.979084087682323,
                    0.20345601305263328,
                    0.0,
                    0.30518401957894997
                ],
                [
                    -0.12030766796430918,
                    0.5789522834085583,
                    0.8064368038259452,
                    -1.4686261315234845
                ],
                [
                    0.16407441688533536,
                    -0.7895694423473739,
                    0.5913202866763443,
                    1.5
                ],
                [
                    0.0,
                    0.0,
                    0.0,
                    1.0
                ]
            ]
        },
        {
            "camera_id": "019",
            "file_dir": "/home/hong/Desktop/git/mujoNeRF/nerf_data/img/019.png",
            "transform_matrix": [
                [
                    0.8878852184023754,
                    0.4600650377311516,
                    -2.7755575615628914e-17,
                    0.6900975565967273
                ],
                [
                    -0.27204579000094775,
                    0.5250245418813814,
                    0.8064368038259452,
                    -1.3318278276035633
                ],
                [
                    0.37101337857997274,
                    -0.716023317692713,
                    0.5913202866763444,
                    1.5
                ],
                [
                    0.0,
                    0.0,
                    0.0,
                    1.0
                ]
            ]
        },
        {
            "camera_id": "020",
            "file_dir": "/home/hong/Desktop/git/mujoNeRF/nerf_data/img/020.png",
            "transform_matrix": [
                [
                    0.7308359642781247,
                    0.6825531432186536,
                    0.0,
                    1.0238297148279805
                ],
                [
                    -0.4036075203198941,
                    0.4321581319103231,
                    0.8064368038259452,
                    -1.0962539464171868
                ],
                [
                    0.5504359752586035,
                    -0.5893730191535035,
                    0.5913202866763443,
                    1.5
                ],
                [
                    0.0,
                    0.0,
                    0.0,
                    1.0
                ]
            ]
        },
        {
            "camera_id": "021",
            "file_dir": "/home/hong/Desktop/git/mujoNeRF/nerf_data/img/021.png",
            "transform_matrix": [
                [
                    0.5195839500354336,
                    0.8544194045464886,
                    0.0,
                    1.2816291068197327
                ],
                [
                    -0.5052355272382612,
                    0.30724053028738,
                    0.8064368038259452,
                    -0.7793759250531503
                ],
                [
                    0.6890352537293375,
                    -0.4190116199858346,
                    0.5913202866763445,
                    1.5
                ],
                [
                    0.0,
                    0.0,
                    0.0,
                    1.0
                ]
            ]
        },
        {
            "camera_id": "022",
            "file_dir": "/home/hong/Desktop/git/mujoNeRF/nerf_data/img/022.png",
            "transform_matrix": [
                [
                    0.2697967711570243,
                    0.9629172873477995,
                    1.6653345369377348e-16,
                    1.4443759310216988
                ],
                [
                    -0.5693925264001086,
                    0.15953630406492364,
                    0.8064368038259452,
                    -0.4046951567355366
                ],
                [
                    0.7765319395575085,
                    -0.21757404581443074,
                    0.5913202866763445,
                    1.5
                ],
                [
                    0.0,
                    0.0,
                    0.0,
                    1.0
                ]
            ]
        },
        {
            "camera_id": "023",
            "file_dir": "/home/hong/Desktop/git/mujoNeRF/nerf_data/img/023.png",
            "transform_matrix": [
                [
                    2.220446049250313e-16,
                    1.0,
                    5.551115123125783e-17,
                    1.5
                ],
                [
                    -0.5913202866763443,
                    0.0,
                    0.8064368038259452,
                    -3.6739403974420594e-16
                ],
                [
                    0.8064368038259453,
                    -2.220446049250313e-16,
                    0.5913202866763443,
                    1.5
                ],
                [
                    0.0,
                    0.0,
                    0.0,
                    1.0
                ]
            ]
        },
        {
            "camera_id": "10",
            "file_dir": "/home/hong/Desktop/git/mujoNeRF/nerf_data/img/10.png",
            "transform_matrix": [
                [
                    2.220446049250313e-16,
                    0.9999999999999999,
                    -5.551115123125783e-17,
                    1.3595024776377083
                ],
                [
                    -0.6612282428167858,
                    1.6653345369377348e-16,
                    0.7501847845040752,
                    0.0
                ],
                [
                    0.7501847845040752,
                    -5.551115123125783e-17,
                    0.6612282428167859,
                    1.6284204043480088
                ],
                [
                    0.0,
                    0.0,
                    0.0,
                    1.0
                ]
            ]
        },
        {
            "camera_id": "11",
            "file_dir": "/home/hong/Desktop/git/mujoNeRF/nerf_data/img/11.png",
            "transform_matrix": [
                [
                    -0.26979677115702444,
                    0.9629172873477994,
                    0.0,
                    1.3090884379095142
                ],
                [
                    -0.6367081058908914,
                    -0.1783972449098018,
                    0.7501847845040752,
                    0.36678937884662827
                ],
                [
                    0.7223658977042574,
                    0.20239743263032767,
                    0.6612282428167859,
                    1.6284204043480088
                ],
                [
                    0.0,
                    0.0,
                    0.0,
                    1.0
                ]
            ]
        },
        {
            "camera_id": "12",
            "file_dir": "/home/hong/Desktop/git/mujoNeRF/nerf_data/img/12.png",
            "transform_matrix": [
                [
                    -0.5195839500354336,
                    0.8544194045464886,
                    0.0,
                    1.1615852974226866
                ],
                [
                    -0.5649662414968393,
                    -0.3435635822777344,
                    0.7501847845040752,
                    0.7063756674139592
                ],
                [
                    0.6409724368758077,
                    0.3897839735891078,
                    0.6612282428167859,
                    1.6284204043480088
                ],
                [
                    0.0,
                    0.0,
                    0.0,
                    1.0
                ]
            ]
        },
        {
            "camera_id": "13",
            "file_dir": "/home/hong/Desktop/git/mujoNeRF/nerf_data/img/13.png",
            "transform_matrix": [
                [
                    -0.730835964278124,
                    0.6825531432186542,
                    -5.551115123125783e-17,
                    0.9279326893251658
                ],
                [
                    -0.4513234155195447,
                    -0.4832493804469352,
                    0.7501847845040752,
                    0.9935733041828533
                ],
                [
                    0.5120409826580652,
                    0.5482620203698125,
                    0.6612282428167858,
                    1.6284204043480088
                ],
                [
                    0.0,
                    0.0,
                    0.0,
                    1.0
                ]
            ]
        },
        {
            "camera_id": "14",
            "file_dir": "/home/hong/Desktop/git/mujoNeRF/nerf_data/img/14.png",
            "transform_matrix": [
                [
                    -0.8878852184023753,
                    0.4600650377311523,
                    -2.7755575615628914e-17,
                    0.6254595586699871
                ],
                [
                    -0.30420799648040814,
                    -0.5870947827872007,
                    0.7501847845040753,
                    1.207082154275927
                ],
                [
                    0.34513379118820375,
                    0.6660779812315397,
                    0.6612282428167859,
                    1.6284204043480088
                ],
                [
                    0.0,
                    0.0,
                    0.0,
                    1.0
                ]
            ]
        },
        {
            "camera_id": "15",
            "file_dir": "/home/hong/Desktop/git/mujoNeRF/nerf_data/img/15.png",
            "transform_matrix": [
                [
                    -0.9790840876823228,
                    0.203456013052634,
                    0.0,
                    0.2765989538353458
                ],
                [
                    -0.1345308620013022,
                    -0.6473980508680582,
                    0.7501847845040752,
                    1.331067243019773
                ],
                [
                    0.15262960530794853,
                    0.7344939853293324,
                    0.6612282428167858,
                    1.6284204043480088
                ],
                [
                    0.0,
                    0.0,
                    0.0,
                    1.0
                ]
            ]
        },
        {
            "camera_id": "16",
            "file_dir": "/home/hong/Desktop/git/mujoNeRF/nerf_data/img/16.png",
            "transform_matrix": [
                [
                    -0.9976687691905392,
                    -0.06824241336467089,
                    1.0408340855860843e-17,
                    -0.09277573004924672
                ],
                [
                    0.04512381107469808,
                    -0.6596867671650456,
                    0.7501847845040752,
                    1.356333163576301
                ],
                [
                    -0.051194420164013654,
                    0.7484359306216506,
                    0.6612282428167857,
                    1.6284204043480088
                ],
                [
                    0.0,
                    0.0,
                    0.0,
                    1.0
                ]
            ]
        },
        {
            "camera_id": "17",
            "file_dir": "/home/hong/Desktop/git/mujoNeRF/nerf_data/img/17.png",
            "transform_matrix": [
                [
                    -0.9422609221188205,
                    -0.33487961217098616,
                    0.0,
                    -0.45526966245681055
                ],
                [
                    0.22143185751098793,
                    -0.623049533807552,
                    0.7501847845040751,
                    1.2810060582017282
                ],
                [
                    -0.2512215896912995,
                    0.7068698068063185,
                    0.6612282428167859,
                    1.6284204043480088
                ],
                [
                    0.0,
                    0.0,
                    0.0,
                    1.0
                ]
            ]
        },
        {
            "camera_id": "18",
            "file_dir": "/home/hong/Desktop/git/mujoNeRF/nerf_data/img/18.png",
            "transform_matrix": [
                [
                    -0.8169698930104421,
                    -0.5766803221148673,
                    8.326672684688674e-17,
                    -0.7839983267200735
                ],
                [
                    0.38131731605903174,
                    -0.5402035667895121,
                    0.7501847845040754,
                    1.1106725937031094
                ],
                [
                    -0.4326168031734824,
                    0.612878383134356,
                    0.6612282428167858,
                    1.6284204043480088
                ],
                [
                    0.0,
                    0.0,
                    0.0,
                    1.0
                ]
            ]
        },
        {
            "camera_id": "19",
            "file_dir": "/home/hong/Desktop/git/mujoNeRF/nerf_data/img/19.png",
            "transform_matrix": [
                [
                    -0.6310879443260531,
                    -0.7757112907044197,
                    0.0,
                    -1.054581421644203
                ],
                [
                    0.5129222136856244,
                    -0.4172931724895736,
                    0.7501847845040752,
                    0.8579656239185571
                ],
                [
                    -0.5819268074544731,
                    0.4734325735173599,
                    0.6612282428167858,
                    1.6284204043480088
                ],
                [
                    0.0,
                    0.0,
                    0.0,
                    1.0
                ]
            ]
        },
        {
            "camera_id": "110",
            "file_dir": "/home/hong/Desktop/git/mujoNeRF/nerf_data/img/110.png",
            "transform_matrix": [
                [
                    -0.39840108984624173,
                    -0.9172113015054528,
                    5.551115123125783e-17,
                    -1.2469510369139702
                ],
                [
                    0.6064860171861477,
                    -0.2634340525753227,
                    0.7501847845040753,
                    0.5416272687395289
                ],
                [
                    -0.6880779625645705,
                    0.2988744357324916,
                    0.6612282428167856,
                    1.6284204043480088
                ],
                [
                    0.0,
                    0.0,
                    0.0,
                    1.0
                ]
            ]
        },
        {
            "camera_id": "111",
            "file_dir": "/home/hong/Desktop/git/mujoNeRF/nerf_data/img/111.png",
            "transform_matrix": [
                [
                    -0.1361666490962466,
                    -0.9906859460363309,
                    -5.551115123125783e-17,
                    -1.3468399981972485
                ],
                [
                    0.6550695272808882,
                    -0.09003723411216108,
                    0.7501847845040752,
                    0.18511889681797172
                ],
                [
                    -0.7431975229384806,
                    0.10215014830890978,
                    0.6612282428167858,
                    1.6284204043480088
                ],
                [
                    0.0,
                    0.0,
                    0.0,
                    1.0
                ]
            ]
        },
        {
            "camera_id": "112",
            "file_dir": "/home/hong/Desktop/git/mujoNeRF/nerf_data/img/112.png",
            "transform_matrix": [
                [
                    0.13616664909624637,
                    -0.9906859460363309,
                    -5.551115123125783e-17,
                    -1.3468399981972485
                ],
                [
                    0.6550695272808882,
                    0.0900372341121608,
                    0.7501847845040751,
                    -0.1851188968179714
                ],
                [
                    -0.7431975229384806,
                    -0.10215014830890967,
                    0.6612282428167859,
                    1.6284204043480088
                ],
                [
                    0.0,
                    0.0,
                    0.0,
                    1.0
                ]
            ]
        },
        {
            "camera_id": "113",
            "file_dir": "/home/hong/Desktop/git/mujoNeRF/nerf_data/img/113.png",
            "transform_matrix": [
                [
                    0.3984010898462411,
                    -0.9172113015054532,
                    -5.551115123125783e-17,
                    -1.2469510369139707
                ],
                [
                    0.606486017186148,
                    0.2634340525753225,
                    0.7501847845040752,
                    -0.541627268739528
                ],
                [
                    -0.6880779625645708,
                    -0.2988744357324911,
                    0.6612282428167859,
                    1.6284204043480088
                ],
                [
                    0.0,
                    0.0,
                    0.0,
                    1.0
                ]
            ]
        },
        {
            "camera_id": "114",
            "file_dir": "/home/hong/Desktop/git/mujoNeRF/nerf_data/img/114.png",
            "transform_matrix": [
                [
                    0.6310879443260529,
                    -0.7757112907044198,
                    5.551115123125783e-17,
                    -1.0545814216442033
                ],
                [
                    0.5129222136856245,
                    0.41729317248957365,
                    0.750184784504075,
                    -0.8579656239185568
                ],
                [
                    -0.581926807454473,
                    -0.4734325735173596,
                    0.6612282428167862,
                    1.6284204043480088
                ],
                [
                    0.0,
                    0.0,
                    0.0,
                    1.0
                ]
            ]
        },
        {
            "camera_id": "115",
            "file_dir": "/home/hong/Desktop/git/mujoNeRF/nerf_data/img/115.png",
            "transform_matrix": [
                [
                    0.8169698930104421,
                    -0.5766803221148673,
                    -2.7755575615628914e-17,
                    -0.7839983267200736
                ],
                [
                    0.38131731605903174,
                    0.540203566789512,
                    0.7501847845040754,
                    -1.1106725937031092
                ],
                [
                    -0.4326168031734825,
                    -0.612878383134356,
                    0.6612282428167859,
                    1.6284204043480088
                ],
                [
                    0.0,
                    0.0,
                    0.0,
                    1.0
                ]
            ]
        },
        {
            "camera_id": "116",
            "file_dir": "/home/hong/Desktop/git/mujoNeRF/nerf_data/img/116.png",
            "transform_matrix": [
                [
                    0.9422609221188206,
                    -0.3348796121709864,
                    0.0,
                    -0.45526966245681083
                ],
                [
                    0.22143185751098804,
                    0.623049533807552,
                    0.7501847845040753,
                    -1.281006058201728
                ],
                [
                    -0.2512215896912997,
                    -0.7068698068063185,
                    0.6612282428167858,
                    1.6284204043480088
                ],
                [
                    0.0,
                    0.0,
                    0.0,
                    1.0
                ]
            ]
        },
        {
            "camera_id": "117",
            "file_dir": "/home/hong/Desktop/git/mujoNeRF/nerf_data/img/117.png",
            "transform_matrix": [
                [
                    0.9976687691905394,
                    -0.06824241336467135,
                    6.938893903907228e-18,
                    -0.09277573004924736
                ],
                [
                    0.045123811074698386,
                    0.6596867671650458,
                    0.7501847845040752,
                    -1.356333163576301
                ],
                [
                    -0.051194420164013994,
                    -0.7484359306216506,
                    0.661228242816786,
                    1.6284204043480088
                ],
                [
                    0.0,
                    0.0,
                    0.0,
                    1.0
                ]
            ]
        },
        {
            "camera_id": "118",
            "file_dir": "/home/hong/Desktop/git/mujoNeRF/nerf_data/img/118.png",
            "transform_matrix": [
                [
                    0.9790840876823232,
                    0.20345601305263336,
                    1.3877787807814457e-17,
                    0.2765989538353449
                ],
                [
                    -0.1345308620013018,
                    0.6473980508680584,
                    0.7501847845040752,
                    -1.3310672430197734
                ],
                [
                    0.15262960530794806,
                    -0.7344939853293326,
                    0.6612282428167859,
                    1.6284204043480088
                ],
                [
                    0.0,
                    0.0,
                    0.0,
                    1.0
                ]
            ]
        },
        {
            "camera_id": "119",
            "file_dir": "/home/hong/Desktop/git/mujoNeRF/nerf_data/img/119.png",
            "transform_matrix": [
                [
                    0.8878852184023757,
                    0.4600650377311516,
                    -2.7755575615628914e-17,
                    0.6254595586699864
                ],
                [
                    -0.30420799648040775,
                    0.5870947827872012,
                    0.7501847845040751,
                    -1.2070821542759274
                ],
                [
                    0.3451337911882031,
                    -0.6660779812315397,
                    0.661228242816786,
                    1.6284204043480088
                ],
                [
                    0.0,
                    0.0,
                    0.0,
                    1.0
                ]
            ]
        },
        {
            "camera_id": "120",
            "file_dir": "/home/hong/Desktop/git/mujoNeRF/nerf_data/img/120.png",
            "transform_matrix": [
                [
                    0.7308359642781247,
                    0.6825531432186536,
                    -5.551115123125783e-17,
                    0.927932689325165
                ],
                [
                    -0.45132341551954425,
                    0.4832493804469357,
